torch.Size([9, 784])
euclidean_dist:
 tensor([[ 0.0000,  5.4432,  9.1777,  7.2092,  8.1393,  9.3595,  8.5935, 11.2625,
          9.4898],
        [ 5.4432,  0.0000,  9.8861,  8.3671,  7.7148,  9.7542,  8.2145, 11.7197,
          9.8843],
        [ 9.1777,  9.8861,  0.0000,  5.8477, 11.2900, 11.6766, 10.0567, 12.3657,
          7.3752],
        [ 7.2092,  8.3671,  5.8477,  0.0000, 10.6656, 10.7330,  9.2434, 12.3050,
          7.3701],
        [ 8.1393,  7.7148, 11.2900, 10.6656,  0.0000,  8.9335,  7.6511, 12.6028,
          9.5827],
        [ 9.3595,  9.7542, 11.6766, 10.7330,  8.9335,  0.0000, 10.7020, 10.7108,
          9.9177],
        [ 8.5935,  8.2145, 10.0567,  9.2434,  7.6511, 10.7020,  0.0000, 13.5629,
          9.1618],
        [11.2625, 11.7197, 12.3657, 12.3050, 12.6028, 10.7108, 13.5629,  0.0000,
         12.5148],
        [ 9.4898,  9.8843,  7.3752,  7.3701,  9.5827,  9.9177,  9.1618, 12.5148,
          0.0000]])
knn_edist:
 tensor([[ 0.0000,  5.4432,  9.1777,  7.2092,  8.1393,  9.3595,  8.5935,  0.0000,
          0.0000],
        [ 5.4432,  0.0000,  0.0000,  8.3671,  7.7148,  9.7542,  8.2145,  0.0000,
          9.8843],
        [ 9.1777,  9.8861,  0.0000,  5.8477, 11.2900,  0.0000, 10.0567,  0.0000,
          7.3752],
        [ 7.2092,  8.3671,  5.8477,  0.0000, 10.6656,  0.0000,  9.2434,  0.0000,
          7.3701],
        [ 8.1393,  7.7148,  0.0000, 10.6656,  0.0000,  8.9335,  7.6511,  0.0000,
          9.5827],
        [ 9.3595,  9.7542,  0.0000,  0.0000,  8.9335,  0.0000, 10.7020, 10.7108,
          9.9177],
        [ 8.5935,  8.2145, 10.0567,  9.2434,  7.6511,  0.0000,  0.0000,  0.0000,
          9.1618],
        [11.2625, 11.7197, 12.3657, 12.3050,  0.0000, 10.7108,  0.0000,  0.0000,
         12.5148],
        [ 9.4898,  9.8843,  7.3752,  7.3701,  9.5827,  0.0000,  9.1618,  0.0000,
          0.0000]])
geodesic_dist:

[ 0.          5.44316006  9.17770863  7.20919991  8.1392889   9.35950375
  8.5934782  11.26246452  9.4897995 ]
[ 5.44316006  0.          9.88612461  8.3671217   7.7148366   9.75418282
  8.21448898 11.71969509  9.88434696]
[ 9.17770863  9.88612461  0.          5.84768391 11.28996944 17.29290962
 10.05670929 12.36571693  7.37517643]
[ 7.20919991  8.3671217   5.84768391  0.         10.66558838 16.56870365
  9.24337864 12.30496979  7.37012243]
[ 8.1392889   7.7148366  11.28996944 10.66558838  0.          8.93353748
  7.65106201 19.40175343  9.58269882]
[ 9.35950375  9.75418282 17.29290962 16.56870365  8.93353748  0.
 10.70196152 10.710783    9.91773319]
[ 8.5934782   8.21448898 10.05670929  9.24337864  7.65106201 10.70196152
  0.         19.85594273  9.16176319]
[11.26246452 11.71969509 12.36571693 12.30496979 19.40175343 10.710783
 19.85594273  0.         12.51480007]
[ 9.4897995   9.88434696  7.37517643  7.37012243  9.58269882  9.91773319
  9.16176319 12.51480007  0.        ]
predecessors:

[-9999     0     0     0     0     0     0     0     0]
[    1 -9999     1     1     1     1     1     1     1]
[    2     2 -9999     2     2     8     2     2     2]
[    3     3     3 -9999     3     0     3     3     3]
[    4     4     4     4 -9999     4     4     0     4]
[    5     5     8     0     5 -9999     5     5     5]
[    6     6     6     6     6     6 -9999     0     6]
[    7     7     7     7     0     7     0 -9999     7]
[    8     8     8     8     8     8     8     8 -9999]
bone_path
bone_path done
bone_weight
bone_weight done
hop:

[       nan 2.72158003 4.58885431 3.60459995 4.06964445 4.67975187
 4.2967391  5.63123226 4.74489975]
[       inf        nan 4.94306231 4.18356085 3.8574183  4.87709141
 4.10724449 5.85984755 4.94217348]
[       inf        inf        nan 2.92384195 5.64498472 5.76430321
 5.02835464 6.18285847 3.68758821]
[       inf        inf        inf        nan 5.33279419 5.52290122
 4.62168932 6.15248489 3.68506122]
[       inf        inf        inf        inf        nan 4.46676874
 3.82553101 6.46725114 4.79134941]
[       inf        inf        inf        inf        inf        nan
 5.35098076 5.3553915  4.9588666 ]
[       inf        inf        inf        inf        inf        inf
        nan 6.61864758 4.5808816 ]
[       inf        inf        inf        inf        inf        inf
        inf        nan 6.25740004]
[inf inf inf inf inf inf inf inf nan]
